652.3168085338904
644.7460705266037 
801.6075462027471 
812.4217415882293 
676.0797995356965 
675.0384490546425 
923.3893118080119 
742.3576096745485 
736.2505164785007 
822.6753836564781 
888.1661981667986 
691.5404629821718 
813.6657853488656 
760.2133415605049 
653.0096340440131 
931.2729402129403 
655.4514624796032 
748.3618762041833 
694.0024611100516 
837.1592025528832 
888.2082495063717 
803.6483981751027 
820.3119081987915 
974.5668768831875 
632.9944280295539 
143.62042080928236 
239.4514046852531 
152.73345481553096 
58.76913370513979 
314.8639799436548 
67.10508980105087 
209.24902712208853 
247.91517559715177 
267.84313113267035 
107.00286465668586 
236.1158778623534 
238.67368069048013 
48.43946035652148 
95.36460642171048 
107.21283845126433 
305.5792544041868 
315.6854560149223 
313.33845272351124 
283.43834511803476 
189.55642266259702 
308.9021028626101 
215.96183621528036 
210.16039006741028 
135.70518121424027 
235.16879148901717 
399.8929765801978 
218.63581505193216 
183.4616114646803 
137.0367851495264 
693.3814525331787 
151.3234054223957 
650.3134680506913 
377.3478085630792 
399.8888398311693 
654.1609298075615 
307.5530697144061 
613.2026232607334 
324.1286851129255 
485.0669058365248 
47.26433446319015 
22.8848713101911 
238.69282870096293 
293.87265130094755 
259.6472365224728 
784.7817058803228 
145.11300899797385 
831.8114622295958 
685.6038557482954 
209.8562662920808 
263.177625014132 
186.65843020443515 
230.16999877855514 
132.03370386385512 
285.24468362984203 
84.30216686983678 
280.08017117990175 
316.10112703231545 
231.44015767874433 
251.45162042053096 
339.54776480065715 
298.60927094017416 
74.40640018533018 
221.87374946105385 
190.65320183004945 
250.58726479684182 
32.45361731900432 
20.6005730037434 
212.43454614445488 
114.23488133426329 
239.4010289705661 
76.60972701324955 
87.52391214327582 
216.53263497388173 
209.66489979440945 
62.200922063704716 
805.2621968173937 
851.1943403190769 
814.2101109366797 
854.387740130118 
708.2100797103889 
824.3378087146059 
813.888439860547 
889.968863498507 
972.1396637522936 
799.386694557991 
725.2213617321013 
777.1374554805652 
775.6690622764419 
622.368977557604 
715.9120920583126 
853.9511376385944 
695.8443278936253 
775.3399880260199 
832.395900555377 
770.4217321268331 
814.0351023225372 
772.617498911346 
685.0145249363586 
922.7782942120556 
697.0596052440928
