915.2742601617435 
653.5192353839633 
849.3847695824429 
780.2425716504034 
756.571724811884 
751.6827925360935 
794.1194770618554 
874.9384702157437 
722.2730421155153 
648.327078133006 
616.8872772123085 
801.8125267756386 
854.1704677783245 
829.7191297998988 
940.6674686926542 
878.9819090592221 
967.1010207670774 
779.6967090780387 
781.8057327765134 
775.4448529793156 
834.6120945455286 
785.7354343553618 
798.4609995021896 
814.7171798813963 
787.5656781680367 
147.16352056167617 
305.0562744527516 
126.34699418635734 
249.50681116476485 
190.3413493574308 
108.3489683113003 
361.82430238599767 
359.5274522825361 
176.76580356567334 
23.44018508523985 
349.9394419655955 
220.867929964143 
344.24114014773005 
147.71060916446157 
232.76198107362984 
181.84105661542486 
338.79911198541663 
94.3113946477904 
93.86333265517274 
145.36855886364225 
276.6198741813546 
208.18429795226524 
206.95008244055398 
205.37670941881706 
316.8653775520928 
498.94770667965264 
728.0582784245273 
550.816601237098 
609.6284155117022 
724.6625127012154 
490.595946270743 
269.96003174235227 
596.2541848064647 
220.30894760419181 
547.7432765258734 
675.6714055844654 
648.9699500426316 
734.8762540625379 
805.8183610148709 
706.4602161101225 
876.211477261093 
123.22462004884966 
177.38866116018121 
50.74048586716921 
723.180560870001 
414.0144381383066 
436.1518610761021 
537.3344430489415 
503.4437606406827 
820.5062108025137 
831.2899056138291 
701.8157480160585 
819.8244230142825 
623.2370706267818 
646.6791080551659 
771.9718929099919 
938.701004718079 
787.0341113651068 
808.3687666123193 
664.8763915114857 
739.542205389679 
730.6198935781601 
925.7652883535736 
665.7967929354855 
750.2848952602052 
620.5246254076955 
863.975998558666 
908.0616011774121 
735.0553743266606 
911.899121415068 
708.5357902349947 
803.1035430336874 
642.6124056483109 
907.7716338545058 
854.1108940679799 
319.16666472764894 
194.66247607855047 
176.8357908564264 
143.4668176255297 
220.04314910619271 
100.39622238627625 
261.53208679440735 
215.98305224338185 
395.3818623939319 
154.3862383057483 
119.11572658034646 
93.67157863567813 
259.2908207084166 
92.80857993003916 
179.75231421658282 
189.58944944717445 
266.45368387940744 
320.5455040926734 
50.66764916880373 
87.76551477689544 
291.44903209209696 
283.35031838885385 
178.7633360531409 
246.89909418487838 
68.49718129468839
